metrics:
  drawdown: 0.11430447901864993
  profit_factor: 1.4691697733534086
  sharpe: 25.94699289514584
  total_return: 4.69873582245305
  trades: 512
  win_rate: 0.58984375
phase: Phase 2 - PPO Hyperparams
ppo_parameters:
  batch_size: 128
  clip_range: 0.21084844859190754
  ent_coef: 0.010970372201012518
  gae_lambda: 0.9328383156897404
  gamma: 0.9745456241801775
  learning_rate: 1.0838581269344744e-05
  max_grad_norm: 0.5164916560792168
  n_epochs: 7
  n_steps: 2048
  vf_coef: 0.5159725093210579
score: 51.4576903554764
trading_parameters:
  max_concurrent_positions: 3
  min_holding_period_steps: 5
  position_size_pct: 0.1121
  risk_per_trade_pct: 0.01
  stop_loss_pct: 0.0253
  take_profit_pct: 0.0321
worker: W1
