metrics:
  drawdown: 0.1612375252051014
  sharpe: 3.5167748146637163
  trades: 258
  win_rate: 0.516347547631003
parameters:
  max_concurrent_positions: 2
  min_holding_period_steps: 26
  position_size_pct: 0.27209383908141693
  risk_per_trade_pct: 0.017135075385833358
  stop_loss_pct: 0.04703154479370312
  take_profit_pct: 0.17480670394168155
score: 3.99054519512824
worker: W2
