metrics:
  drawdown: 0.07924994828355623
  profit_factor: 1.5639890739739324
  sharpe: 27.29788286250791
  total_return: 1.7167185109578347
  trades: 243
  win_rate: 0.5843621399176955
phase: Phase 2 - PPO Hyperparams
ppo_parameters:
  batch_size: 64
  clip_range: 0.2516337775011062
  ent_coef: 0.012868975786679728
  gae_lambda: 0.9511102652474991
  gamma: 0.9903706810126471
  learning_rate: 1.6173512248439632e-05
  max_grad_norm: 0.5512548096461941
  n_epochs: 9
  n_steps: 1024
  vf_coef: 0.621948009123721
score: 34.79042339179136
trading_parameters:
  max_concurrent_positions: 3
  min_holding_period_steps: 10
  position_size_pct: 0.25
  risk_per_trade_pct: 0.015
  stop_loss_pct: 0.025
  take_profit_pct: 0.05
worker: W2
