metrics:
  drawdown: 0.06827714762529404
  profit_factor: 1.9143610628217544
  sharpe: 31.975012797304217
  total_return: 1.4391619165789344
  trades: 165
  win_rate: 0.6242424242424243
phase: Phase 2 - PPO Hyperparams
ppo_parameters:
  batch_size: 64
  clip_range: 0.3203034772380114
  ent_coef: 0.01576014099534621
  gae_lambda: 0.9501316458032528
  gamma: 0.9702257230618241
  learning_rate: 0.00046629309920400753
  max_grad_norm: 0.6509679306459871
  n_epochs: 12
  n_steps: 1024
  vf_coef: 0.32118850786031583
score: 48.26544635222475
trading_parameters:
  max_concurrent_positions: 3
  min_holding_period_steps: 10
  position_size_pct: 0.25
  risk_per_trade_pct: 0.015
  stop_loss_pct: 0.025
  take_profit_pct: 0.05
worker: W2
