metrics:
  drawdown: 0.054756879310477014
  profit_factor: 1.6247705550280716
  sharpe: 12.672907983789852
  total_return: 0.02098395342964955
  trades: 5
  win_rate: 0.4
phase: Phase 2 - PPO Hyperparams
ppo_parameters:
  batch_size: 64
  clip_range: 0.25558529442048455
  ent_coef: 0.01911122901556083
  gae_lambda: 0.9644910540809394
  gamma: 0.9915241842142017
  learning_rate: 0.00019135050567284858
  max_grad_norm: 0.5522588418833745
  n_epochs: 14
  n_steps: 1024
  vf_coef: 0.7592144646973444
score: 8.800797217891178
trading_parameters:
  max_concurrent_positions: 2
  min_holding_period_steps: 50
  position_size_pct: 0.45
  risk_per_trade_pct: 0.025
  stop_loss_pct: 0.08
  take_profit_pct: 0.15
worker: W3
