metrics:
  drawdown: 0.054756879310477014
  profit_factor: 1.6247705550280716
  sharpe: 12.672907983789852
  total_return: 0.02098395342964955
  trades: 5
  win_rate: 0.4
phase: Phase 2 - PPO Hyperparams
ppo_parameters:
  batch_size: 32
  clip_range: 0.18993475643167193
  ent_coef: 0.010770454329858622
  gae_lambda: 0.9749623172975109
  gamma: 0.9814017496054259
  learning_rate: 0.00010952662748632558
  max_grad_norm: 0.4185801650879991
  n_epochs: 9
  n_steps: 512
  vf_coef: 0.5962072844310212
score: 8.800797217891178
trading_parameters:
  max_concurrent_positions: 2
  min_holding_period_steps: 40
  position_size_pct: 0.5
  risk_per_trade_pct: 0.03
  stop_loss_pct: 0.1
  take_profit_pct: 0.18
worker: W3
