metrics:
  drawdown: 0.1854648188892135
  sharpe: 3.243235954452247
  trades: 430
  win_rate: 0.5014418945492696
parameters:
  max_concurrent_positions: 5
  min_holding_period_steps: 3
  position_size_pct: 0.1451700562185014
  risk_per_trade_pct: 0.008999669076221791
  stop_loss_pct: 0.008849343056814276
  take_profit_pct: 0.03683618801477559
score: 3.6369889381754765
worker: W4
