asset_cooldown_steps: 2
batch_size: 128
clip_range: 0.24759745270829303
daily_trade_limit: 28
drawdown_weight: 0.3258651633373323
ent_coef: 0.014715154818388355
fee_bps: 0.03556767723264582
frequency_weight: 0.04851847861097846
gae_lambda: 0.953808463292089
gamma: 0.9866961256920084
invalid_sell_penalty_weight: 0.03329146452586301
learning_rate: 0.00043635916263949664
lstm_hidden_size: 128
max_grad_norm: 0.5359849964828354
max_position_size: 0.892776630441293
min_hold_steps: 1
n_epochs: 10
n_steps: 2048
net_arch_size: 384
pnl_normalization: 109.73325593977657
sharpe_weight: 0.19077114837697148
slippage_bps: 0.019971044181396013
vf_coef: 0.5037591945221755
