asset_cooldown_steps: 4
batch_size: 64
clip_range: 0.2057764896739317
daily_trade_limit: 11
drawdown_weight: 0.339115169454871
ent_coef: 0.011103342768016881
fee_bps: 0.03713334713782182
frequency_weight: 0.11394091929985062
gae_lambda: 0.9483276972388783
gamma: 0.9903575045301338
invalid_sell_penalty_weight: 0.049000164899698335
learning_rate: 0.0003702724395066224
lstm_hidden_size: 128
max_grad_norm: 0.6442835744666222
max_position_size: 0.8533923252705715
min_hold_steps: 15
n_epochs: 8
n_steps: 2048
net_arch_size: 384
pnl_normalization: 95.14337279355644
sharpe_weight: 0.16610785306054712
slippage_bps: 0.02467166938622215
vf_coef: 0.40071126166112825
