asset_cooldown_steps: 3
batch_size: 128
clip_range: 0.2415739664225733
daily_trade_limit: 15
drawdown_weight: 0.2986426131467335
ent_coef: 0.01144839458699527
fee_bps: 0.037742853730484596
frequency_weight: 0.11320721581159718
gae_lambda: 0.9367614324230511
gamma: 0.9862040366501006
invalid_sell_penalty_weight: 0.05799668060604414
learning_rate: 0.00021210817909078335
lstm_hidden_size: 128
max_grad_norm: 0.6560198984166294
max_position_size: 0.927740065273355
min_hold_steps: 9
n_epochs: 12
n_steps: 2048
net_arch_size: 256
pnl_normalization: 95.85484837552985
sharpe_weight: 0.22233762018288405
slippage_bps: 0.015243233162879793
vf_coef: 0.5810344734957767
