asset_cooldown_steps: 2
batch_size: 128
clip_range: 0.16870532081862935
daily_trade_limit: 22
drawdown_weight: 0.3284085356395398
ent_coef: 0.005215562462956703
fee_bps: 0.044278220772643186
frequency_weight: 0.11136484078091935
gae_lambda: 0.9285381349138555
gamma: 0.9948526205002463
invalid_sell_penalty_weight: 0.06323639334253799
learning_rate: 0.0002590821554846597
lstm_hidden_size: 128
max_grad_norm: 0.6820412942603369
max_position_size: 0.8880487171746636
min_hold_steps: 8
n_epochs: 10
n_steps: 2048
net_arch_size: 256
pnl_normalization: 90.97664574899997
sharpe_weight: 0.2059635191064711
slippage_bps: 0.024090396358229443
vf_coef: 0.5044634755997028
