asset_cooldown_steps: 4
batch_size: 64
circuit_breaker_pct: 14.979892057110495
clip_range: 0.25365703534661177
daily_trade_limit: 14
drawdown_weight: 0.32967545834513634
ent_coef: 0.05257801150205387
fee_bps: 0.037043418381575904
frequency_weight: 0.07373043370090848
gae_lambda: 0.9841882746394897
gamma: 0.9625001668119664
learning_rate: 6.358392210613275e-05
lstm_hidden_size: 128
max_grad_norm: 0.9214023214917477
max_position_size: 0.7046024544488451
min_hold_steps: 13
min_notional_usdt: 10.382836117762047
n_epochs: 6
n_steps: 2048
net_arch_layers: 4
net_arch_size: 384
pnl_normalization: 65.71830526239027
sharpe_weight: 0.12669290453856433
slippage_bps: 0.032088493611158814
vf_coef: 0.30635329073994183
