metrics:
  drawdown: 0.06656006570592878
  sharpe: 3.4397252036602857
  trades: 556
  win_rate: 0.5167924447725317
parameters:
  max_concurrent_positions: 4
  min_holding_period_steps: 11
  position_size_pct: 0.14159863754897406
  risk_per_trade_pct: 0.019903972812986285
  stop_loss_pct: 0.03885747982638574
  take_profit_pct: 0.03524358220837648
score: 3.929059957926957
worker: W1
