metrics:
  drawdown: 0.21625917764778257
  sharpe: 2.0430670900070105
  trades: 256
  win_rate: 0.4534438951641857
parameters:
  max_concurrent_positions: 1
  min_holding_period_steps: 147
  position_size_pct: 0.3416145155592091
  risk_per_trade_pct: 0.03202230023486417
  stop_loss_pct: 0.05406585285177397
  take_profit_pct: 0.273235229154987
score: 2.287738817037267
worker: W3
