asset_cooldown_steps: 5
batch_size: 256
circuit_breaker_pct: 15.905295580757116
clip_range: 0.1248127021282782
daily_trade_limit: 19
drawdown_weight: 0.27680546100315806
ent_coef: 0.0008100777282544436
fee_bps: 0.04452560893810051
frequency_weight: 0.11983767149692708
gae_lambda: 0.9616727566678713
gamma: 0.9554848087516157
learning_rate: 0.0007267501168355635
lstm_hidden_size: 128
max_grad_norm: 0.32049511675167724
max_position_size: 0.8544042885451298
min_hold_steps: 7
min_notional_usdt: 6.5914209946305125
n_epochs: 17
n_steps: 2048
net_arch_layers: 2
net_arch_size: 128
pnl_normalization: 49.68412262175558
sharpe_weight: 0.36257307886610257
slippage_bps: 0.04360606474668553
vf_coef: 0.33675183836139394
