asset_cooldown_steps: 2
batch_size: 128
circuit_breaker_pct: 18.302059805176714
clip_range: 0.1514051512348411
daily_trade_limit: 25
drawdown_weight: 0.1819633199816067
ent_coef: 0.09796123462639256
fee_bps: 0.03908153885716917
frequency_weight: 0.041552446280060044
gae_lambda: 0.9369451506304994
gamma: 0.9842008439817689
learning_rate: 0.0005773994652303188
lstm_hidden_size: 128
max_grad_norm: 0.38070211095790024
max_position_size: 0.8659727612911934
min_hold_steps: 3
min_notional_usdt: 12.512516179517608
n_epochs: 11
n_steps: 2048
net_arch_layers: 3
net_arch_size: 256
pnl_normalization: 55.92070979832641
sharpe_weight: 0.35910321849198
slippage_bps: 0.014580573470963542
vf_coef: 0.6011770083837602
